$ANSIBLE_VAULT;1.1;AES256
62623138653735613134336163653865623562303235393436663237313039366332333165393763
3937636230353133343562643539303534393831333430330a353632383664323964386433393362
38393730653730343337323833356566396364623632386235663137663561363262383363613862
3162303933666164320a346234666131303366353565376635633239653439343562353334636265
31346164356562633437363537333130313639633533333965613639363434333838376536333239
32353863343039383761343861323438626535316366383264376537376631363264346564653832
32623662316533623531326434336533323835323334303034633331326266333933653233393131
38323339313838656132646566626431656639333036326464616564343339383433663335366237
36313663633165643466376663653964356535386632613430303033653339383161393136646365
63303833303437366131623635653739373033633266303633346265363736653135656166656534
64306163663930323833343838656266363738353766366535333964373065306263333336643532
64343434316366306238356239613565353239376264336430663134303963623132373039346565
32313930656439313263306565383830343935313861653934313938396364396163373135323966
31363938393536353239353530376364303364326235343265333230643366626639343637643930
64643766366563623235386461333663386437656235663331333038353863623266666166656535
63313538313530393265643636336461313662386666313231373732333833373232386535313132
61303635643732383236633364643038646236656539303136366334353364613837383838373163
31653034373663386633393934363561653335663736353664656337393338303435363464336332
38623736326437313932363530663235653730626436363738383232646433653537323738643431
37376330633361353133633466336263376431356565386664663562333739623532376434366531
61346139343337613738326565393335383235626436623630663866656138393531336466626532
37313639386266613435656566303230623230346134373635363535633435643861666164666133
36306237613537343734373639623637333132323764663535316130343336646562376466643663
65326666336136386265313130373464383137383833373833393230353837316130353733303866
31656562653262333933376463626464316133396433306364633836643330343135633636386262
30303632633735393533373864643933323665653461303434653366636161363735653730623564
66383531346433653863316564303234666464616261333032346339316436383365343962616665
36643133666561373166316561303366666134373266663535643662353438633436386266383136
35323736313630306333636232646638393065366466616263633265306261303066303566343165
33333530353163316136326135336365633762623732316461323963386433393164343530346463
32643465616538363366633864333764366236623330663937336637343230636536636463386563
35323463333965353634356639613839656239666430643836393362303539623031313362336133
63313462666638623538323236336337376263613364333936386662336639306466396231626236
65343631613538333465386234326461363862323932386232666331303333623037396433323937
64656431313239623836363665363338356461333966356666386233653665666332393062346264
64636437653539636231363238333832333634323666613037633863383936626630666135393332
39336162383030386364346365393339636161613363326635653637373665666534646663373038
32373766393734383566313933636661343130353637663366373639323365366638666536333762
396566376562326431336135363032336533
